Sample	Coding	UTR	Intronic	Intergenic	Ribosomal	PF not aligned
13-066-CC	3687313025.0	2094172224.0	1482577828.0	331018863.0	71480116.0	239736416.0
13-080-GFM	3548365991.0	2037524940.0	1519885540.0	264799169.0	133641386.0	322725840.0
13-080-GTS	3860434647.0	1593229667.0	1548090117.0	343313658.0	1148618910.0	1121945798.0
13-095-CC	662214159.0	537438854.0	4063755772.0	3424487886.0	119213087.0	785210532.0
13-095-GFM	316139778.0	218925984.0	3167567667.0	2745697545.0	164010655.0	745273759.0
13-095-GTS	1182397182.0	260208144.0	3090487348.0	2419560710.0	429360467.0	594075886.0
14-002-CC	1423975983.0	897780798.0	3137405303.0	2321326132.0	54691070.0	533457729.0
14-005-CC	1243177270.0	868810536.0	2679488775.0	2058554346.0	92979787.0	842655644.0
14-005-GFM	543163217.0	475403757.0	3237057252.0	2541525302.0	66761596.0	679737742.0
14-005-GTS	649864940.0	658967583.0	6072181799.0	5062238337.0	172336593.0	1884879971.0
14-010-CC	4369341066.0	2277145180.0	1230609338.0	623583560.0	157535774.0	392203752.0
14-015-CC	4200635562.0	2522048756.0	1166108499.0	346382192.0	57982478.0	284650399.0
14-015-GFM	2305604818.0	1403608690.0	1486808305.0	512586035.0	24892280.0	153888639.0
14-015-GTS	3010146119.0	1770600030.0	1168865633.0	343604510.0	95193332.0	233186080.0
14-029-CC	1166885596.0	736485254.0	3645979836.0	2914259858.0	49743926.0	779223323.0
14-029-GFM	527616565.0	466579834.0	3306103662.0	2655418129.0	46172581.0	748353607.0
14-029-GTS	695093264.0	581557137.0	3306813259.0	2694155334.0	47956681.0	1120494847.0
14-043-GFM	300028939.0	353302317.0	4216404781.0	3569196120.0	41947014.0	760902035.0
14-043-GTS	371449955.0	610170093.0	8916935132.0	6701437746.0	44801780.0	841523700.0
14-046-CC	3813513984.0	2010143485.0	2168221688.0	1684714138.0	146035420.0	810175227.0
14-046-GFM	690858209.0	555766055.0	4269974062.0	3472677290.0	137963086.0	1075906197.0
14-046-GTS	315215194.0	344741332.0	4516832917.0	3763171983.0	110818353.0	1229855890.0
14-048-CC	725618109.0	538799217.0	3781552561.0	2992521043.0	44782227.0	547079860.0
14-048-GFM	256702729.0	339878015.0	4495158899.0	3635331399.0	19958144.0	907485318.0
14-048-GTS	397739753.0	402015627.0	4240082058.0	3396458388.0	27310356.0	797419169.0
14-051-CC	1473462003.0	1024619572.0	4781872916.0	3425495533.0	74123272.0	749764696.0
14-051-GFM	127592521.0	358304194.0	4491798764.0	3346728947.0	1011007.0	757938921.0
14-051-GTS	1036403285.0	813182260.0	3925570164.0	3150570484.0	53352071.0	1394704607.0
14-053-CC	537448496.0	462942107.0	3540538302.0	2842635835.0	24923382.0	572871221.0
14-053-GFM	224121967.0	306787672.0	3615244172.0	3004361806.0	17011113.0	873088665.0
14-053-GTS	194967712.0	283353009.0	3789904048.0	3109564508.0	26174097.0	626061192.0
14-055-CC	822847185.0	623367001.0	3586323781.0	2757806435.0	36246130.0	443820136.0
14-063-CC	483889134.0	448819678.0	4207401100.0	3033733866.0	20103420.0	629580075.0
14-063-GFM	106508329.0	217450315.0	3475993079.0	2533464193.0	11746743.0	555717365.0
14-063-GTS	119856339.0	254279407.0	4176888940.0	3109392971.0	19441425.0	519888634.0
14-069-CC	1767996916.0	1113215788.0	2667930691.0	1870734797.0	90117080.0	1380879442.0
14-069-GFM	466076881.0	451903206.0	3859024418.0	3032671083.0	13976894.0	910107179.0
14-069-GTS	673766932.0	616837877.0	4321251303.0	3196462725.0	47337266.0	1192107645.0
14-074-CC	278333687.0	268247302.0	2588828698.0	2234753236.0	18573113.0	1308879823.0
14-074-GFM	355644244.0	404956809.0	4239132268.0	3309288043.0	24733395.0	1479118226.0
14-075-CC	2715611832.0	1649742419.0	836370470.0	232768767.0	171694819.0	258660991.0
14-075-GFM	1440594079.0	817750974.0	2446051358.0	2130418159.0	256420697.0	1847169544.0
14-075-GTS	604516904.0	477781616.0	2808701995.0	2399125669.0	31658298.0	611387278.0
14-078-CC	4409746947.0	2073994828.0	637818105.0	134719287.0	51407053.0	267267997.0
14-078-GFM	4675967888.0	2713290842.0	1543688877.0	486480138.0	290880683.0	352926772.0
15-016-GFM	120717089.0	233425270.0	3797093253.0	3357738517.0	39416398.0	1351940236.0
15-018-GFM	3977900478.0	2370263896.0	2128268669.0	767592338.0	141669654.0	348262489.0
15-018-GTS	1374143189.0	997352045.0	4242012141.0	3010083094.0	53808513.0	692790988.0
15-021-THA	596083910.0	496158974.0	3507669292.0	2885714132.0	94006304.0	949025393.0
15-024-GFM	1205551429.0	853518089.0	2566669630.0	1867341767.0	61421540.0	824676165.0
15-024-THA	1477322384.0	989834212.0	3992279709.0	2928641376.0	62437422.0	817586918.0
15-027-GFM	609744319.0	453501295.0	3735431208.0	2986315549.0	86983354.0	723098084.0
15-027-GTS	345225535.0	356521405.0	3639025414.0	2671636388.0	31528817.0	540205067.0
15-032-GTS	297764054.0	354245750.0	3786308956.0	2775908150.0	14691890.0	478527026.0
15-032-THA	3313692556.0	2135272037.0	2575031684.0	1024642911.0	63457579.0	536517357.0
15-034-GFM	2556513898.0	1201902309.0	1135355715.0	815472622.0	1269316932.0	997739590.0
15-034-GTS	2297564369.0	677571819.0	667006928.0	400322062.0	1685421451.0	463117035.0
15-041-GFM	352511964.0	443457334.0	5169715750.0	3888459387.0	19947377.0	557203273.0
15-041-THA	535525095.0	500720874.0	4563557960.0	3382412653.0	32875417.0	563295975.0
15-055-GFM	2991869994.0	1858143953.0	2895755395.0	1645995358.0	294822414.0	612871745.0
15-055-GTS	2489515377.0	1531313346.0	2096875916.0	1014682795.0	338210404.0	687959140.0
15-074-THA	2181679692.0	1409545354.0	2582754020.0	1163130379.0	386834277.0	701526127.0
15-075-GFM	1401973915.0	620032793.0	1120396616.0	636459706.0	776250637.0	713403763.0
15-075-GTS	1298090899.0	534896072.0	1409559774.0	876437855.0	891981436.0	1388696675.0
15-077-GTS	947719979.0	674625135.0	3081753747.0	2218897821.0	183847255.0	2999416753.0
15-087-GFM	3735303251.0	2615582224.0	2865602100.0	814762882.0	122559308.0	302690008.0
15-087-GTS	3055704992.0	2253167317.0	2796999288.0	694413682.0	175560282.0	284889981.0
15-087-THA	2695848676.0	2039005143.0	3473740095.0	1200988382.0	244159181.0	426558969.0
15-089-GFM	1945755467.0	1425175482.0	4550094299.0	2657403744.0	135036354.0	492206788.0
15-089-GTS	3451731222.0	2138686592.0	2254848826.0	575549173.0	108334481.0	200989076.0
15-089-THA	2017415840.0	1197835269.0	3635674897.0	2287631149.0	143157517.0	540575283.0
15-093-GFM	1692949144.0	1068865177.0	3316788264.0	2017308993.0	491207259.0	439247731.0
15-093-GTS	1763571543.0	914079885.0	2945766067.0	1777239407.0	579447114.0	463978218.0
15-097-GTS	2595587374.0	1708086664.0	2901499827.0	1104141416.0	563434436.0	483612619.0
15-101-THA	1556360952.0	947060712.0	2030094751.0	1168198738.0	142542160.0	329454507.0
15-104-GTS	2650213883.0	1018881735.0	985160261.0	471394927.0	1518594497.0	313372735.0
15-107-GFM	2555948274.0	1558257758.0	975965583.0	247701078.0	52028008.0	213498733.0
15-107-GTS	3103360644.0	1728113285.0	1023109297.0	194442739.0	74550190.0	222338899.0
15-107-THA	1035918803.0	846588589.0	2619901101.0	1165413282.0	623944655.0	1015169212.0
15-110-GTS	4266470247.0	2447154934.0	1854112706.0	230780754.0	71347255.0	184417667.0
16-003-GFM	2408166308.0	1557671135.0	1449887049.0	697547121.0	108860824.0	261677392.0
16-003-GTS	2997581754.0	1634168676.0	851568181.0	211484449.0	32934136.0	180128062.0
16-003-SVZ	4080690103.0	2493620432.0	2649925691.0	687778319.0	379171805.0	378911928.0
16-003-THA	2224356649.0	1570231412.0	3713506261.0	1561631716.0	139081432.0	368926677.0
16-016-GTS	2134132686.0	1024033964.0	2600481111.0	1578830351.0	1011690510.0	481770405.0
16-016-THA	3899176682.0	2474808327.0	1915908124.0	445355854.0	104858968.0	291183297.0
16-024-GFM	1098089681.0	871638398.0	3379620200.0	2075801042.0	93104837.0	437589891.0
16-024-GTS	2242761973.0	1302985863.0	1560112148.0	629454190.0	2266772429.0	690713085.0
16-024-SVZ	1998929149.0	1325902310.0	1047371839.0	253753464.0	292950791.0	356635371.0
16-024-THA	2747438808.0	1979383931.0	1972495112.0	613449303.0	340875869.0	355719373.0
16-027-GFM	4191818801.0	2350956776.0	1191721989.0	473378549.0	344482501.0	372421947.0
16-027-GTS	3228397932.0	2155858290.0	2288447543.0	1153525435.0	346698339.0	352879008.0
16-028-GTS	1045613309.0	862584301.0	3620047511.0	2111283795.0	117446393.0	356959548.0
16-028-THA	3380882379.0	2134679212.0	2906281323.0	695862456.0	207298792.0	320781883.0
16-033-GTS	1485485352.0	865579565.0	2374855930.0	1729351230.0	808652921.0	584577316.0
16-033-SVZ	4900703176.0	2983520093.0	863744350.0	277856915.0	208792443.0	267922042.0
16-033-THA	576012691.0	446386971.0	3697129739.0	2805913614.0	151536892.0	529070889.0
16-038-GFM	886910246.0	574285025.0	2271869221.0	1799851955.0	498355385.0	578246167.0
16-046-GFM	1793878870.0	1085168276.0	1704698418.0	1292389901.0	930305289.0	493721000.0
16-046-GTS	2120895938.0	1221005969.0	1074150099.0	976260106.0	1087912846.0	470810722.0
16-046-THA	1864904374.0	1071103632.0	1229916273.0	1043161767.0	573770957.0	772936797.0
16-049-GFM	1756171846.0	1238661959.0	3697968510.0	2289596930.0	145254641.0	462947013.0
16-049-GTS	3043204528.0	1992667119.0	2290959402.0	805813130.0	326951832.0	254840202.0
16-049-SVZ	5049213847.0	2973605151.0	2478829140.0	1588111212.0	546476252.0	518728336.0
16-049-THA	2261222489.0	1452282258.0	2587181714.0	1141441743.0	167967421.0	303418571.0
16-056-GFM	2194689615.0	1419264856.0	1210449650.0	617283993.0	368133333.0	210717902.0
16-056-THA	3257177456.0	1746388160.0	875160632.0	477116943.0	691840617.0	290721631.0
16-062-GFM	3037387107.0	1938683690.0	2884012137.0	644509477.0	112559266.0	239286515.0
16-062-GTS	2112153213.0	1504286547.0	2078103647.0	543814052.0	119889922.0	256497364.0
16-062-SVZ	2993387472.0	1696788757.0	1040433595.0	399752486.0	130050332.0	178589497.0
16-062-THA	2858957150.0	1744638915.0	1595929001.0	586314269.0	235110985.0	390816054.0
16-065-GFM	3723855702.0	2124048457.0	728546802.0	233079434.0	256722327.0	285120424.0
16-065-GTS	3791344583.0	2089136503.0	637088888.0	206946570.0	632528029.0	406496445.0
16-065-SVZ	3484789652.0	1903031152.0	826103862.0	498676086.0	176294380.0	233113250.0
16-065-THA	2708667479.0	1729050887.0	1058151888.0	426874716.0	212705453.0	231881493.0
16-067-GFM	1365932503.0	964242150.0	2947685248.0	1628404766.0	117576348.0	331771080.0
16-067-GTS	2372521410.0	1732389104.0	5152103310.0	2524982569.0	186170173.0	486785023.0
16-067-THA	1735155001.0	1229239424.0	4161005399.0	2378544163.0	121326388.0	442104342.0
16-078-GFM	4987577063.0	2748496061.0	1491928855.0	579997855.0	180303067.0	256524683.0
16-078-GTS	4199725048.0	2227215461.0	1287325777.0	596095905.0	195601357.0	231538481.0
16-078-THA	5840868058.0	3365033690.0	932593932.0	332683368.0	285245891.0	380457597.0
16-080-GFM	2659919849.0	1886264453.0	1773589128.0	899859144.0	330923876.0	280929245.0
16-080-GTS	2886855136.0	1971790093.0	1784043298.0	851230810.0	472241898.0	287859964.0
16-080-SVZ	4774884351.0	2265131814.0	614400775.0	311803176.0	139229767.0	271528869.0
16-080-THA	5275862800.0	3299721804.0	1431506330.0	626638486.0	779754551.0	1051505978.0
16-082-SVZ	1763853029.0	1153640008.0	2810517600.0	1668084252.0	199499637.0	350745205.0
16-102-GFM	2705944639.0	1638277976.0	1447565171.0	666598058.0	663045113.0	458893634.0
16-110-GFM	1559841551.0	1061537920.0	2346159030.0	1432486100.0	291627749.0	368581331.0
16-110-GTS	612094318.0	486234530.0	2718252508.0	1943118449.0	78845413.0	306366741.0
16-110-SVZ	2762767246.0	1726939098.0	1228272971.0	977537656.0	610630948.0	475847277.0
16-110-THA	1717395171.0	1053220647.0	1274952312.0	932266606.0	380707264.0	335258097.0
16-111-GFM	2350784562.0	1194758974.0	1339916946.0	1053772184.0	910689043.0	730543941.0
16-111-GTS	2039700633.0	362279168.0	290737751.0	223874616.0	2292321755.0	1074413916.0
16-111-SVZ	4160945150.0	2044160807.0	851953016.0	273433973.0	299758329.0	252683372.0
16-111-THA	2548557646.0	1383262586.0	845920593.0	612571068.0	1316299497.0	652548001.0
16-112-GFM	1268728469.0	913697484.0	3210736141.0	1980768920.0	158167671.0	363847163.0
16-112-GTS	1930851016.0	1252121773.0	1588532156.0	774190358.0	352101301.0	261033787.0
16-112-SVZ	2657079328.0	1583431816.0	3119906602.0	2079783263.0	208049147.0	446116895.0
16-112-THA	3136583468.0	1780027492.0	1160412857.0	820799684.0	988522395.0	659095523.0
16-116-GFM	2822967189.0	1569297004.0	1514954408.0	2117482844.0	1363080417.0	395319062.0
16-116-GTS	2329089865.0	1573484823.0	1721148382.0	626744581.0	415164500.0	910879112.0
16-117-GFM	2731038285.0	1698223261.0	1086923347.0	574547006.0	429880464.0	327371957.0
16-117-GTS	3038411476.0	1930832615.0	1881608134.0	704756109.0	221882462.0	307780565.0
16-117-SVZ	8853835840.0	4873642977.0	1591184637.0	1051376686.0	404963591.0	597747534.0
16-117-THA	4029672457.0	2254636306.0	1093852252.0	600851612.0	392459727.0	363079866.0
16-118-GFM	3822984652.0	2407049627.0	2069290917.0	1246840208.0	296127959.0	341750924.0
16-118-GTS	2761400936.0	1870483792.0	1273861306.0	539061226.0	471659064.0	310914921.0
16-118-SVZ	3887158695.0	2434785652.0	2789814427.0	1048126398.0	358831813.0	372206892.0
16-118-THA	6403398536.0	3810992237.0	3082176286.0	1453823657.0	1011733614.0	720121568.0
16-129-SVZ	3293261602.0	1740812758.0	916403552.0	285683920.0	41337328.0	236403818.0
16-130-SVZ	3953384735.0	1842867347.0	328522412.0	114912693.0	81872576.0	207591837.0
16-137-GFM	1876418123.0	1202952108.0	1537228047.0	750293677.0	275638515.0	189303489.0
16-137-GTS	3035043932.0	2011452748.0	1682307376.0	565420963.0	177925895.0	328164706.0
16-137-SVZ	3414779798.0	2064362733.0	1240431938.0	499992603.0	71214149.0	248657267.0
16-137-THA	5326753370.0	3528682611.0	3269615762.0	1136906936.0	500022739.0	482874294.0
17-003-GFM	2131849123.0	1571956928.0	1790542813.0	779421115.0	216787076.0	261560587.0
17-003-GTS	2380150952.0	1358970364.0	1209762605.0	643129747.0	693985597.0	525239988.0
17-003-SVZ	4761316422.0	2438568132.0	395362596.0	149459033.0	31764335.0	190987924.0
17-003-THA	3455057040.0	2015726017.0	1149809522.0	794060927.0	261869929.0	263809606.0
17-004-CER	265658095.0	300743007.0	2952941412.0	2146661036.0	22560701.0	390046729.0
17-004-GTS	129497697.0	239569423.0	3081950996.0	2291034907.0	5551402.0	329180324.0
17-004-SVZ	1029846626.0	833456505.0	4450541749.0	2964881146.0	78686064.0	557123046.0
17-005-CER	4850217589.0	2774494782.0	3126573133.0	1105594297.0	654724469.0	703680143.0
17-005-GFM	2981348424.0	1639256435.0	1124442819.0	497045133.0	171289607.0	226590950.0
17-005-GTS	3984043365.0	2483161217.0	3104504519.0	728208692.0	177797992.0	350614120.0
17-005-SVZ	4761240489.0	2751842735.0	3048367935.0	936745258.0	214894202.0	386048330.0
17-005-THA	2789829436.0	1652154393.0	3161131898.0	1799232296.0	144448163.0	442777567.0
17-009-GFM	1415781455.0	1026063558.0	2931883043.0	1353334466.0	87788936.0	272670155.0
17-009-GTS	569284623.0	507415010.0	3440616552.0	2343477663.0	35794201.0	333142834.0
17-009-SVZ	4135958805.0	2443682700.0	3483979761.0	887373946.0	196064329.0	309066733.0
17-009-THA	9795736078.0	6239708878.0	5809466561.0	1747138456.0	583755975.0	721681228.0
17-012-GFM	1055371900.0	715289740.0	2349269116.0	1388481148.0	178022416.0	329673566.0
17-012-SVZ	3235952104.0	2069297261.0	3221813830.0	1018118967.0	209267682.0	327081489.0
17-012-THA	1871840397.0	1164811769.0	1556055461.0	554012513.0	166643303.0	206038640.0
17-013-GFM	1336757925.0	1056329872.0	6032570304.0	4403024752.0	218915147.0	820649821.0
17-013-GTS	1715887277.0	1314400729.0	3294370427.0	1715868850.0	207098966.0	627758096.0
17-013-SVZ	2062837302.0	1292964267.0	3156428482.0	1953351117.0	107489020.0	418492163.0
17-013-THA	2565061003.0	1613231828.0	3785544704.0	2032383411.0	234929293.0	542276433.0
17-015-CER	1318156866.0	889490746.0	3204367834.0	1958400647.0	283073715.0	889894268.0
17-015-GFM	1208320117.0	904494554.0	3348882135.0	2013277230.0	135848214.0	367351226.0
17-015-GTS	2285540706.0	1638819980.0	3411051090.0	1465685297.0	244312022.0	405189607.0
17-015-SVZ	3089242091.0	1845309858.0	2597492694.0	1110897673.0	237589327.0	309847126.0
17-015-THA	2324572537.0	1524618150.0	2995835579.0	1596824802.0	320942800.0	484598716.0
17-016-CER	1465110802.0	1004257722.0	2254613513.0	1117138038.0	282074272.0	710355632.0
17-016-GFM	2321469349.0	1355128979.0	1486161778.0	1019717962.0	526146267.0	603756329.0
17-016-GTS	4207872763.0	2655468263.0	2775338748.0	940573805.0	375754307.0	540768260.0
17-016-SVZ	5154527679.0	3194418661.0	6966147101.0	4252706161.0	228303547.0	896615994.0
17-016-THA	2653285209.0	1712314127.0	2438679709.0	947074385.0	235675088.0	378166429.0
17-017-GFM	2976819104.0	2226316372.0	4826499844.0	2830307817.0	449149422.0	1076954566.0
17-017-GTS	408241031.0	533470426.0	7137350059.0	5732765947.0	57465217.0	1055129698.0
17-017-SVZ	1139476329.0	828859896.0	3543044900.0	2521339514.0	105361453.0	468018838.0
17-017-THA	1789864898.0	1113099022.0	2130154893.0	1315773052.0	379832371.0	531784384.0
17-029-GFM	2251857121.0	1413315500.0	2336811741.0	968482207.0	249248954.0	335045697.0
17-029-GTS	1639625871.0	950673955.0	1846404013.0	1288659293.0	648383547.0	839118297.0
17-029-SVZ	1869798793.0	1163115598.0	1918389944.0	1344742612.0	200891842.0	328939242.0
17-029-THA	2639177265.0	1605675394.0	3957571132.0	2637665149.0	598633971.0	673217321.0
17-032-GTS	2733624982.0	1974735056.0	2853967869.0	1609077878.0	405105113.0	403571844.0
17-032-SVZ	2471679991.0	1696242042.0	3108154340.0	1270696973.0	229541143.0	365082195.0
17-032-THA	2075290452.0	1498595198.0	1966153023.0	799808438.0	280014935.0	290773334.0
17-074-GFM	1501452434.0	1165095994.0	4214696643.0	2532325344.0	94391733.0	490095184.0
17-074-GTS	776441214.0	645664108.0	3167925034.0	2028162669.0	57802121.0	326804657.0
17-074-THA	2775562668.0	1808825342.0	6118659169.0	4146172132.0	205027880.0	737648803.0
17-078-GFM	4698588472.0	2822781160.0	2407097506.0	641280079.0	214862278.0	392947678.0
17-078-GTS	2719609167.0	1761128867.0	1875723273.0	671704113.0	503234405.0	341398317.0
17-078-SVZ	3408649747.0	1789953989.0	840185522.0	370857394.0	67546086.0	203585255.0
17-078-THA	2183937105.0	1317371401.0	1090470934.0	602840344.0	290595456.0	267248358.0
17-092-GFM	3669923534.0	1905828553.0	1904969424.0	428329550.0	1054100835.0	904165692.0
17-092-GTS	1413906745.0	207924611.0	144219441.0	171727150.0	1242161590.0	1393427151.0
17-092-SVZ	2179051859.0	1529855872.0	1715973005.0	627445313.0	131988961.0	282397413.0
17-092-THA	2662278648.0	1078878996.0	741923585.0	297302657.0	995260963.0	1104651960.0
17-094-GFM	2072354502.0	1454922981.0	3337129750.0	1167958241.0	100227123.0	300418050.0
17-094-GTS	2722246812.0	1822873562.0	3326054001.0	975641063.0	155110825.0	345543188.0
17-094-SVZ	1680027162.0	1066795451.0	2042379425.0	685184223.0	60846239.0	200300626.0
17-094-THA	1474451956.0	1028936031.0	2480816137.0	1080489834.0	92275240.0	252723328.0
17-097-GFM	8112520941.0	4924003354.0	4021587136.0	944638741.0	117336826.0	508558053.0
17-097-GTS	4014081060.0	2357084589.0	1552231052.0	398135016.0	106105737.0	302476095.0
17-097-SVZ	5309246701.0	3144935081.0	2403764134.0	981417022.0	221500330.0	364598460.0
17-099-GFM	2875302413.0	1856690639.0	1593950947.0	620921836.0	158001352.0	230035684.0
17-099-GTS	3423309307.0	2197183333.0	1759210490.0	812325344.0	269252990.0	275721661.0
17-099-SVZ	5312519419.0	2883709016.0	1872083505.0	912609714.0	438519777.0	394096015.0
17-099-THA	6040320700.0	3058508823.0	1181024115.0	439463716.0	320943351.0	498611101.0
17-102-GFM	3842976794.0	1851215271.0	810205326.0	191029862.0	81453800.0	178770123.0
17-102-GTS	5258302144.0	3429697469.0	1841304832.0	586147493.0	388375343.0	801701393.0
17-102-THA	5862633082.0	2948027697.0	1226511581.0	230320949.0	185589383.0	299238384.0
17-121-GFM	1854507579.0	1050425762.0	950500996.0	501337042.0	537806516.0	606874506.0
17-121-GTS	1530809078.0	751931859.0	742141860.0	439457098.0	745593971.0	957112373.0
17-121-SVZ	9707071337.0	5964798413.0	3792545310.0	2119367797.0	793133649.0	934108061.0
17-124-GFM	5155206223.0	2949449533.0	2124651251.0	638722604.0	166155468.0	366601526.0
17-124-GTS	2639316479.0	1783044551.0	1971542657.0	798731796.0	183268605.0	306326637.0
17-124-SVZ	2710864706.0	1434859439.0	842052764.0	388444662.0	123104114.0	183151865.0
17-124-THA	2700713568.0	1657543736.0	1582354797.0	619289202.0	127795355.0	226725832.0
17-128-GFM	1937017980.0	888615375.0	816843939.0	492909626.0	443367519.0	607803684.0
17-128-SVZ	8609858237.0	4939320183.0	2567757143.0	864532368.0	486791573.0	883148964.0
17-128-THA	3326067199.0	1774838889.0	800362116.0	153929203.0	148805794.0	223448777.0
17-136-GFM	2350390331.0	1505774600.0	1820542266.0	1213001915.0	352192888.0	719831961.0
17-136-GTS	2423415743.0	1371304386.0	1579873085.0	1208854831.0	695363920.0	590900849.0
17-136-SVZ	2584075419.0	1465925661.0	2069297467.0	1595598432.0	395593049.0	367476021.0
17-136-THA	2785213787.0	1642234254.0	2048563912.0	1691809342.0	707447168.0	446569194.0
17-148-GTS	6670489959.0	3411823697.0	2301592883.0	381185294.0	352731760.0	429094112.0
17-148-SVZ	4098282431.0	1905408775.0	617902522.0	482057681.0	189381340.0	212331112.0
17-148-THA	5208712794.0	2603350027.0	1637931879.0	834811442.0	375800031.0	310328164.0
18-010-GFM	448277429.0	445944651.0	4373633550.0	3109720740.0	15030194.0	490581704.0
18-010-GTS	1880093678.0	1265743743.0	4405356924.0	2493377327.0	71846400.0	414552751.0
18-010-SVZ	588749794.0	533431136.0	4371644190.0	3157866618.0	25301147.0	456814152.0
18-010-THA	3907895232.0	2134080592.0	2973343333.0	791656002.0	128605842.0	288088219.0
18-012-GFM	1569484222.0	300214490.0	602246322.0	620115340.0	1339163346.0	1366471409.0
18-012-GTS	1929691111.0	298442501.0	541307944.0	474555014.0	1778009092.0	1083816991.0
18-012-SVZ	1816852648.0	868060571.0	1588692527.0	1144234716.0	771875124.0	526248195.0
18-012-THA	1109832708.0	280494476.0	1809289389.0	1481885848.0	597735293.0	1251649107.0
18-018-GFM	3069927624.0	1667013189.0	2171038767.0	1478812530.0	206625010.0	488916960.0
18-018-SVZ	5953107684.0	2935687206.0	1397601586.0	744777388.0	194407818.0	321530877.0
18-018-THA	3813646438.0	2372909058.0	762282635.0	421554569.0	539652531.0	332542952.0
18-021-GFM	2029032021.0	1176634091.0	2387601142.0	1548622069.0	226828761.0	352137479.0
18-021-GTS	1621280473.0	892563153.0	2357661212.0	1651237018.0	113048306.0	325335401.0
18-021-SVZ	1471300697.0	834192455.0	2326207356.0	1477899866.0	91678111.0	299242885.0
18-021-THA	2919062459.0	1400253435.0	1163247019.0	711528973.0	180483110.0	218587002.0
18-023-GFM	1395276537.0	914694746.0	2109668842.0	1353304390.0	184314953.0	302097156.0
18-023-GTS	1183403207.0	818690082.0	3208588065.0	2100148929.0	251068878.0	449810247.0
18-023-SVZ	3063632681.0	1724060578.0	1605548962.0	639093157.0	305289055.0	278470306.0
18-023-THA	772127546.0	620724599.0	2987676613.0	1997237084.0	80365839.0	354515144.0
18-028-GFM	1667077566.0	257367701.0	606467656.0	434403357.0	1332588960.0	1080231822.0
18-039-GFM	670423327.0	484836637.0	2974645527.0	2235171517.0	195718141.0	425303227.0
18-039-GTS	1016825062.0	492439762.0	1573691206.0	1222615859.0	539053159.0	615372629.0
18-039-THA	2044389673.0	1140901398.0	2140111369.0	1504470179.0	522202220.0	663592829.0
18-042-SVZ	6626777710.0	3630929723.0	2103996464.0	612748369.0	425238798.0	560383621.0
18-063-GFM	2821852399.0	1607053785.0	4484568509.0	3258451826.0	682419980.0	803434903.0
18-063-GTS	1316085729.0	775805304.0	2149629279.0	1514248996.0	157855468.0	336991944.0
18-063-THA	1084859693.0	968776048.0	7531039844.0	5385913579.0	174107798.0	880377281.0
18-064-GFM	5278871257.0	2629868976.0	4330405295.0	2997892389.0	459784091.0	755819454.0
18-064-GTS	3451253998.0	1703763978.0	1984425494.0	934077760.0	335999988.0	250158746.0
18-064-SVZ	1296477852.0	859597242.0	3355932863.0	2033500063.0	71465493.0	386417798.0
18-064-THA	1900700906.0	1024890981.0	1935403940.0	1137552242.0	177969621.0	263872104.0
18-074-GFM	1421508971.0	973753517.0	2686811854.0	1121046660.0	207997786.0	442687474.0
18-074-GTS	1637549925.0	1102670675.0	3221583044.0	1658493154.0	220998983.0	363195263.0
18-074-SVZ	2396757492.0	1470187127.0	2414159667.0	925253066.0	143099436.0	265895526.0
18-074-THA	2414703954.0	1550006070.0	2605019005.0	911294117.0	140687291.0	395311148.0
18-079-GFM	3456047210.0	1831412042.0	1167960032.0	471895745.0	420565891.0	237823063.0
18-079-GTS	1616252925.0	923471373.0	3357876183.0	2192116828.0	448576119.0	492687681.0
18-079-SVZ	1801843104.0	1041039169.0	2587730922.0	1800638035.0	135262659.0	399935801.0
18-079-THA	1008774750.0	617128455.0	3315981122.0	2404046447.0	265053426.0	464386458.0
18-105-GFM	3456997453.0	1889754992.0	1444155808.0	579852773.0	227510909.0	238067516.0
18-105-GTS	3689899487.0	1840334373.0	729516265.0	327287311.0	693206741.0	348486924.0
18-105-THA	4665649500.0	2248650296.0	650796601.0	229097457.0	168594435.0	332890092.0
18-112-GFM	4104895013.0	2095322229.0	1154307852.0	208219286.0	79773261.0	186348917.0
18-112-GTS	4179489381.0	2320307044.0	905666746.0	208355003.0	280652931.0	324166664.0
18-112-THA	4930844751.0	2751846787.0	1790803756.0	598183522.0	290038241.0	295158484.0
MG-01-SVZ	3579715659.0	2079787459.0	1982471307.0	442910047.0	117225113.0	250049403.0
MG-03-SVZ	4106143041.0	2256285550.0	1318956531.0	348535914.0	119815229.0	252480497.0
MG-04-GFM	4016097447.0	2291418087.0	1166989984.0	329532093.0	212140252.0	270183413.0
MG-05-SVZ	3764341674.0	2329750887.0	1692619588.0	285678298.0	131884592.0	275478827.0
MG-06-GFM	3120900304.0	1942875255.0	2190549385.0	651048960.0	102967404.0	237085767.0
MG-06-SVZ	2717679048.0	1708180259.0	1824325998.0	530826338.0	61684989.0	233099343.0
MG-07-Cerebellum	2949288309.0	1736332134.0	1392787409.0	1057324938.0	564270431.0	333275505.0
MG-07-GFM	2816098870.0	1682180818.0	1557383068.0	1059364491.0	305810918.0	278757227.0
MG-08-GFM	3118423147.0	1787093409.0	1610352171.0	743093847.0	537734567.0	397776611.0
MG-08-SVZ	4287570344.0	2347234068.0	1540185904.0	258961688.0	95009013.0	221688643.0
MG-09-Cerebellum	1561199230.0	1342335216.0	2472169902.0	1798348149.0	889880314.0	580293306.0
MG-09-GFM	1514972786.0	1354031447.0	2113981758.0	1418333323.0	779780771.0	538322446.0
MG-13-GFM	1253450665.0	1173024448.0	2130606246.0	1707133789.0	637028869.0	591863659.0
MG-13-SN	2297773156.0	1837409292.0	3932905534.0	3232127151.0	1373559219.0	859865537.0
MG-13-SVZ	1600135627.0	1279342233.0	1983635688.0	1483520946.0	459495469.0	409050079.0
MG-14-SVZ	2972877970.0	1864681716.0	1520722876.0	1279555382.0	242935640.0	341164237.0
